confusionMatrix =

   122     3     0
    15    98    12
     0     3   122

accuracy =  91.200

pC1 =  89.051
pC2 =  94.231
pC3 =  91.045
mPc =  91.442

rC1 =  97.600
rC2 =  78.400
rC3 =  97.600
mRc =  91.200

fm1 =  93.130
fm2 =  85.590
fm3 =  94.208
mFm =  90.976