confusionMatrix =

   571    23     3
   345   211    17
     0     0   622

accuracy =  78.348

pC1 =  62.336
pC2 =  90.171
pC3 =  96.885
mPc =  83.131

rC1 =  95.645
rC2 =  36.824
rC3 =  100
mRc =  77.490

fm1 =  75.479
fm2 =  52.292
fm3 =  98.418
mFm =  75.396