confusionMatrix =

   117     8     0
    12   107     6
     0     4   121

accuracy =  92

pC1 =  90.698
pC2 =  89.916
pC3 =  95.276
mPc =  91.963

rC1 =  93.600
rC2 =  85.600
rC3 =  96.800
mRc =  92

fm1 =  92.126
fm2 =  87.705
fm3 =  96.032
mFm =  91.954