confusionMatrix =

   571    23     3
   347   211    15
     0     1   621

accuracy =  78.292

pC1 =  62.200
pC2 =  89.787
pC3 =  97.183
mPc =  83.057

rC1 =  95.645
rC2 =  36.824
rC3 =  99.839
mRc =  77.436

fm1 =  75.380
fm2 =  52.228
fm3 =  98.493
mFm =  75.367