confusionMatrix =

   117     8     0
    12   106     7
     0     3   122

accuracy =  92

pC1 =  90.698
pC2 =  90.598
pC3 =  94.574
mPc =  91.957

rC1 =  93.600
rC2 =  84.800
rC3 =  97.600
mRc =  92

fm1 =  92.126
fm2 =  87.603
fm3 =  96.063
mFm =  91.931