confusionMatrix =

   571    23     3
   346   210    17
     0     0   622

accuracy =  78.292

pC1 =  62.268
pC2 =  90.129
pC3 =  96.885
mPc =  83.094

rC1 =  95.645
rC2 =  36.649
rC3 =  100
mRc =  77.431

fm1 =  75.429
fm2 =  52.109
fm3 =  98.418
mFm =  75.319