confusionMatrix =

   113    12     0
    26    77    22
     0    10   115

accuracy =  81.333

pC1 =  81.295
pC2 =  77.778
pC3 =  83.942
mPc =  81.005

rC1 =  90.400
rC2 =  61.600
rC3 =  92
mRc =  81.333

fm1 =  85.606
fm2 =  68.750
fm3 =  87.786
mFm =  80.714