confusionMatrix =

   570    24     3
   348   207    18
     0     0   622

accuracy =  78.069

pC1 =  62.092
pC2 =  89.610
pC3 =  96.734
mPc =  82.812

rC1 =  95.477
rC2 =  36.126
rC3 =  100
mRc =  77.201

fm1 =  75.248
fm2 =  51.493
fm3 =  98.340
mFm =  75.027